# run=f1rs episodes=10
epoch n_ep ep_return crash landed gap_flight gap_near rhat_flight rhat_near recon_flight recon_near pred1_flight pred1_near n_flight n_near
50 10 105.73 0.40 0.60 14.519 21.430 23.274 13.596 0.1496 0.2296 0.1467 0.2793 2201 1235
100 10 117.43 0.20 0.70 14.063 19.307 19.561 16.026 0.1538 0.1794 0.1517 0.2060 2887 1559
150 10 108.35 0.20 0.60 16.497 27.972 23.449 24.241 0.1504 0.2482 0.1488 0.3181 2480 1323
200 10 136.18 0.20 0.60 17.703 20.929 23.788 23.298 0.1896 0.2895 0.1896 0.3398 2560 1108
250 10 96.14 0.50 0.40 16.667 35.502 25.282 32.193 0.2019 0.2601 0.2017 0.3307 1956 719
300 10 169.50 0.20 0.70 13.370 25.029 21.073 31.252 0.2662 0.3055 0.2663 0.3712 2438 896
350 10 119.04 0.40 0.40 10.867 24.428 20.662 25.916 0.2036 0.2107 0.2024 0.2658 1861 986
400 10 154.48 0.20 0.70 15.273 23.017 25.869 24.812 0.2049 0.3805 0.2054 0.4157 1928 1064
450 10 184.47 0.20 0.80 9.894 18.809 21.112 22.623 0.1959 0.3415 0.1951 0.3885 1906 1004
500 10 163.97 0.20 0.60 12.762 19.825 23.077 27.850 0.1905 0.2812 0.1895 0.3003 1848 1088
