# run=h128_1010 episodes=10
epoch n_ep ep_return crash landed gap_flight gap_near rhat_flight rhat_near recon_flight recon_near pred1_flight pred1_near n_flight n_near
50 10 29.39 0.10 0.20 25.399 23.098 27.251 19.358 0.2121 0.2385 0.2153 0.2721 3850 1544
100 10 53.44 0.40 0.50 21.191 26.939 27.818 17.966 0.1851 0.2639 0.1857 0.3152 2489 1793
150 10 96.66 0.30 0.60 24.587 24.823 27.351 23.665 0.1720 0.2696 0.1730 0.3283 3375 1416
200 10 96.25 0.40 0.60 15.166 24.568 19.879 19.866 0.1610 0.2496 0.1611 0.2988 2897 1247
250 10 58.12 0.60 0.40 20.643 42.485 26.092 29.544 0.2312 0.3434 0.2310 0.4046 2586 837
300 10 91.97 0.50 0.40 17.194 38.482 24.596 32.447 0.1720 0.2760 0.1702 0.3495 2293 828
350 10 17.67 0.80 0.20 17.224 52.993 23.524 33.223 0.2398 0.4033 0.2388 0.4793 2294 816
400 10 149.76 0.20 0.60 20.683 26.947 27.018 31.038 0.1974 0.3545 0.1951 0.4302 2636 1206
450 10 115.58 0.30 0.50 19.016 29.764 23.943 30.495 0.2419 0.3070 0.2411 0.3915 2976 921
500 10 145.85 0.20 0.70 14.958 21.867 21.017 22.678 0.2056 0.3554 0.2041 0.4252 2688 1151
