# run=h128_909 episodes=10
epoch n_ep ep_return crash landed gap_flight gap_near rhat_flight rhat_near recon_flight recon_near pred1_flight pred1_near n_flight n_near
50 10 81.22 0.40 0.40 16.171 8.599 23.633 4.256 0.1845 0.2150 0.1865 0.2480 1907 861
100 10 179.92 0.10 0.80 23.109 28.422 34.590 31.633 0.1335 0.2409 0.1315 0.3739 1808 1836
150 10 153.41 0.10 0.90 16.134 20.582 23.926 18.904 0.1349 0.2870 0.1343 0.3303 2328 1675
200 10 103.25 0.30 0.70 18.161 26.551 25.639 21.331 0.1285 0.3006 0.1278 0.3513 2206 1740
250 10 2.29 0.40 0.20 10.728 20.524 14.073 9.874 0.2017 0.2960 0.2017 0.3203 3118 1527
300 10 99.96 0.40 0.60 11.242 23.303 16.908 17.581 0.1918 0.3403 0.1911 0.3960 2795 1216
350 10 74.54 0.50 0.50 12.575 30.360 20.449 21.473 0.1573 0.3065 0.1571 0.3420 2015 944
400 10 129.48 0.10 0.50 10.886 11.842 17.786 12.247 0.1983 0.2501 0.1977 0.2868 2606 1730
450 10 103.52 0.40 0.60 13.946 27.891 20.993 23.416 0.1978 0.2303 0.1972 0.2788 2206 1360
500 10 66.73 0.30 0.40 16.186 20.627 21.595 15.089 0.2232 0.3000 0.2225 0.3622 2662 1629
