# run=sp1010 episodes=10
epoch n_ep ep_return crash landed gap_flight gap_near rhat_flight rhat_near recon_flight recon_near pred1_flight pred1_near n_flight n_near
50 10 101.57 0.00 0.40 21.299 26.846 25.531 26.448 0.1511 0.1510 0.1520 0.1751 3538 1837
100 10 83.78 0.40 0.40 24.828 27.818 32.328 22.734 0.1458 0.1851 0.1439 0.2313 2285 1159
150 10 126.91 0.10 0.60 15.197 23.869 20.875 23.717 0.2194 0.2682 0.2173 0.3119 2781 1299
200 10 -17.17 0.50 0.20 24.452 52.532 23.897 34.143 0.2650 0.3937 0.2667 0.4667 4180 429
250 10 74.19 0.60 0.40 16.209 33.649 22.400 28.064 0.2554 0.3428 0.2551 0.4060 2290 719
300 10 170.71 0.10 0.70 17.047 13.204 25.998 16.355 0.2225 0.2518 0.2209 0.2841 2185 1301
350 10 69.95 0.50 0.40 15.104 23.385 22.253 17.084 0.2346 0.3463 0.2340 0.3793 2372 1184
400 10 27.69 0.70 0.10 13.838 33.295 24.239 18.624 0.1926 0.2576 0.1907 0.2842 1764 1002
450 10 11.04 0.80 0.10 15.154 40.692 21.645 23.764 0.2328 0.3923 0.2313 0.4321 1976 823
500 10 113.32 0.40 0.50 14.865 14.742 27.892 12.542 0.2081 0.5366 0.2046 0.5645 1544 1396
