# run=sp909 episodes=10
epoch n_ep ep_return crash landed gap_flight gap_near rhat_flight rhat_near recon_flight recon_near pred1_flight pred1_near n_flight n_near
50 10 79.06 0.40 0.50 17.917 29.407 26.238 21.292 0.1684 0.2673 0.1722 0.3182 2273 1543
100 10 117.38 0.10 0.60 14.000 16.991 21.650 14.880 0.1363 0.1969 0.1338 0.2327 2412 2000
150 10 111.44 0.00 0.40 19.141 20.970 23.395 21.958 0.1522 0.1601 0.1516 0.1986 3614 1935
200 10 149.34 0.00 0.70 17.043 14.008 23.366 15.151 0.1649 0.1945 0.1642 0.2276 2859 1827
250 10 94.20 0.00 0.30 15.524 13.708 19.535 14.358 0.1835 0.1897 0.1837 0.2245 3542 1832
300 10 36.00 0.10 0.10 22.435 21.977 23.565 22.114 0.2079 0.1720 0.2090 0.2234 4723 951
350 10 71.70 0.20 0.40 19.817 23.021 23.462 19.735 0.2101 0.2170 0.2088 0.2618 3488 1510
400 10 74.21 0.40 0.50 19.009 24.520 22.601 19.883 0.2051 0.2051 0.2027 0.2490 3049 1107
450 10 124.41 0.20 0.70 15.189 23.106 19.913 21.786 0.2388 0.2142 0.2365 0.2693 2956 1307
500 10 69.15 0.40 0.40 18.216 28.148 21.818 28.242 0.2121 0.2348 0.2089 0.2647 2220 883
