# run=v7 episodes=10
epoch n_ep ep_return crash landed gap_flight gap_near rhat_flight rhat_near recon_flight recon_near pred1_flight pred1_near n_flight n_near
50 10 -54.05 0.80 0.20 23.809 42.652 26.057 16.346 0.1913 0.2973 0.1959 0.3554 2575 969
100 10 40.20 0.50 0.40 21.629 33.372 24.808 23.556 0.1547 0.2189 0.1563 0.2776 2329 833
150 10 71.24 0.50 0.50 17.636 24.038 21.512 21.977 0.1428 0.1788 0.1437 0.2326 2284 717
200 10 58.37 0.50 0.50 23.909 39.264 26.986 31.302 0.1227 0.1697 0.1206 0.2499 2009 667
250 10 119.97 0.30 0.60 21.242 27.021 26.611 27.727 0.2110 0.2518 0.2122 0.3137 2449 1098
300 10 59.17 0.60 0.40 26.487 62.885 30.827 51.710 0.1908 0.2400 0.1907 0.3207 2274 590
350 10 54.36 0.50 0.40 20.942 44.649 25.104 36.360 0.1861 0.2745 0.1865 0.3448 2586 975
400 10 -13.39 0.80 0.20 24.300 88.682 28.730 55.331 0.1719 0.2700 0.1709 0.3748 1737 490
450 10 -34.31 0.90 0.10 23.547 109.112 29.408 57.250 0.2073 0.3042 0.2074 0.3653 2411 506
500 10 -3.20 0.70 0.10 24.100 54.017 31.420 33.467 0.2163 0.3023 0.2148 0.3603 2031 839
