# run=zonly3080 episodes=10
epoch n_ep ep_return crash landed gap_flight gap_near rhat_flight rhat_near recon_flight recon_near pred1_flight pred1_near n_flight n_near
50 10 82.46 0.50 0.40 6.616 24.840 18.918 17.897 0.1722 0.3157 0.1739 0.3575 1453 1104
100 10 -29.53 0.80 0.20 16.893 48.997 19.325 17.641 0.1954 0.2260 0.1955 0.2797 2123 611
150 10 -52.26 0.80 0.10 18.699 36.581 24.414 14.365 0.1807 0.2184 0.1800 0.2459 2050 1287
200 10 20.18 0.70 0.10 16.050 27.838 25.060 16.145 0.2036 0.2442 0.2031 0.2828 1945 1347
250 10 158.30 0.10 0.80 12.564 16.454 21.586 15.099 0.1902 0.2295 0.1884 0.3041 2152 1332
300 10 93.80 0.40 0.60 13.213 27.691 21.973 17.003 0.2026 0.3342 0.2013 0.3899 1940 981
350 10 43.57 0.70 0.30 14.734 51.987 25.195 28.097 0.1925 0.3012 0.1916 0.3423 1581 617
400 10 105.11 0.30 0.50 7.700 9.977 18.149 6.891 0.1998 0.2694 0.1977 0.3194 1776 1878
450 10 7.99 0.90 0.00 12.499 38.646 22.623 19.182 0.2258 0.2632 0.2253 0.3103 1843 901
500 10 -36.90 1.00 0.00 11.921 90.077 19.263 35.437 0.2708 0.4597 0.2714 0.5300 1705 412
