# run=z8_1010 episodes=10
epoch n_ep ep_return crash landed gap_flight gap_near rhat_flight rhat_near recon_flight recon_near pred1_flight pred1_near n_flight n_near
50 10 51.87 0.50 0.40 20.549 25.876 29.441 13.953 0.1801 0.3666 0.1819 0.4123 1769 1172
100 10 110.13 0.30 0.70 25.546 30.076 31.340 23.525 0.1616 0.2529 0.1620 0.2966 2927 1280
150 10 119.38 0.30 0.70 16.009 20.870 23.501 15.348 0.1554 0.2294 0.1555 0.2719 2296 1094
200 10 63.16 0.30 0.40 22.730 19.342 24.292 18.331 0.1279 0.2048 0.1277 0.2367 3560 983
250 10 62.53 0.30 0.50 21.569 27.926 26.414 19.756 0.1880 0.2046 0.1877 0.2241 3157 1636
300 10 156.35 0.20 0.80 20.151 33.495 27.331 31.974 0.1436 0.2190 0.1413 0.2500 2672 1296
350 10 159.26 0.10 0.80 23.052 25.522 28.720 27.253 0.1644 0.2811 0.1623 0.3319 2704 1506
400 10 89.63 0.30 0.60 23.696 32.870 28.756 25.245 0.1851 0.2780 0.1848 0.3104 3036 1133
450 10 30.57 0.60 0.40 17.887 57.009 22.960 34.902 0.2340 0.3752 0.2327 0.4130 2480 741
500 10 68.91 0.40 0.50 21.036 32.210 25.019 23.411 0.2325 0.2924 0.2318 0.3154 2752 908
