# run=z8_909 episodes=10
epoch n_ep ep_return crash landed gap_flight gap_near rhat_flight rhat_near recon_flight recon_near pred1_flight pred1_near n_flight n_near
50 10 -19.66 0.70 0.20 23.960 56.986 24.594 43.639 0.1964 0.3518 0.2013 0.4239 2611 969
100 10 9.44 0.70 0.30 19.449 37.478 26.505 18.119 0.1860 0.3641 0.1908 0.4533 2006 1037
150 10 81.74 0.40 0.60 15.211 21.633 22.195 13.080 0.1939 0.4000 0.1950 0.4451 1951 1106
200 10 8.20 0.60 0.30 15.117 27.456 20.241 9.691 0.2024 0.4248 0.2051 0.4975 2330 1042
250 10 21.22 0.40 0.20 15.915 29.438 18.520 18.847 0.2740 0.3771 0.2761 0.4209 3384 941
300 10 -77.80 0.80 0.10 18.207 56.149 17.310 21.308 0.3359 0.4362 0.3412 0.4958 3676 576
350 10 38.46 0.50 0.30 16.600 25.729 19.721 18.465 0.3306 0.5698 0.3362 0.6183 2569 1025
400 10 -30.26 0.70 0.10 18.577 47.924 19.886 23.796 0.3594 0.4589 0.3640 0.5321 3297 644
450 10 53.61 0.50 0.50 20.643 38.611 27.831 25.879 0.3330 0.4990 0.3354 0.5707 1982 1129
500 10 149.75 0.20 0.70 17.565 19.810 21.560 26.346 0.4066 0.4735 0.4073 0.5230 2982 1020
