# run=sp1010 starts=59
epoch n_states gap_plan gap_human supp_plan supp_human supp_real_plan crash_plan score_plan done_plan r_img_plan r_real_plan r_img_human r_real_human
25 59 4.4154 -1.8792 0.3650 0.3436 0.3787 0.0169 2.4701 0.0001 20.0337 15.6183 -41.7500 -39.8708
50 59 7.7326 3.9194 0.3594 0.3262 0.3730 0.0169 2.7755 0.0001 21.5815 13.8489 -35.9515 -39.8708
75 59 9.8390 6.4397 0.3759 0.3556 0.3758 0.0169 3.3136 0.0001 26.0240 16.1851 -33.4312 -39.8708
100 59 6.2732 -2.6039 0.3908 0.3801 0.3772 0.0169 2.7301 0.0002 22.0725 15.7993 -42.4747 -39.8708
125 59 3.2145 -1.8623 0.3769 0.3600 0.3762 0.0169 2.2982 0.0001 18.2720 15.0575 -41.7331 -39.8708
150 59 8.6457 2.6945 0.3681 0.3463 0.3715 0.0169 3.1423 0.0000 24.2700 15.6243 -37.1764 -39.8708
175 59 0.1572 -2.4546 0.3586 0.3419 0.3675 0.0169 2.0608 0.0000 16.7265 16.5693 -42.3255 -39.8708
200 59 4.0787 0.5385 0.3744 0.3356 0.3801 0.0169 2.4965 0.0001 20.0642 15.9855 -39.3324 -39.8708
225 59 4.6145 -0.2126 0.3702 0.3359 0.3723 0.0169 2.5718 0.0001 20.7829 16.1684 -40.0834 -39.8708
250 59 2.0254 -0.3224 0.3738 0.3424 0.3784 0.0169 2.3237 0.0001 18.8056 16.7803 -40.1932 -39.8708
275 59 2.6366 -1.7172 0.3615 0.3263 0.3800 0.0169 2.2521 0.0000 18.7741 16.1376 -41.5881 -39.8708
300 59 6.7416 1.2158 0.3675 0.3298 0.3754 0.0169 2.7799 0.0000 22.2257 15.4840 -38.6550 -39.8708
325 59 3.3227 -2.3148 0.3650 0.3318 0.3713 0.0169 2.4154 0.0000 19.7220 16.3993 -42.1857 -39.8708
350 59 4.9304 1.1458 0.3684 0.3311 0.3702 0.0169 2.6122 0.0004 21.4171 16.4867 -38.7251 -39.8708
375 59 8.2615 1.6013 0.3757 0.3312 0.3746 0.0169 2.9907 0.0006 24.1311 15.8697 -38.2695 -39.8708
400 59 3.9679 -2.0043 0.3808 0.3434 0.3726 0.0169 2.4739 0.0000 20.8554 16.8876 -41.8751 -39.8708
425 59 1.3407 -6.4841 0.3628 0.3349 0.3690 0.0169 2.0384 0.0000 17.5864 16.2457 -46.3550 -39.8708
450 59 4.6088 -0.2319 0.3662 0.3333 0.3664 0.0169 2.6452 0.0000 21.5888 16.9800 -40.1028 -39.8708
475 59 7.9359 2.4868 0.3742 0.3278 0.3740 0.0169 3.0870 0.0000 24.7271 16.7912 -37.3841 -39.8708
500 59 7.1480 0.8736 0.3867 0.3500 0.3743 0.0169 2.8605 0.0000 23.5290 16.3811 -38.9972 -39.8708
