# run=zonly3080 starts=59
epoch n_states gap_plan gap_human supp_plan supp_human supp_real_plan crash_plan score_plan done_plan r_img_plan r_real_plan r_img_human r_real_human
25 59 4.4590 -8.9776 0.3903 0.3727 0.3900 0.0169 1.9715 0.0001 15.4511 10.9920 -48.8485 -39.8708
50 59 -2.9775 -24.0390 0.3930 0.3661 0.3895 0.0169 1.1490 0.0000 10.1558 13.1333 -63.9098 -39.8708
75 59 9.0717 0.3475 0.3737 0.3573 0.3793 0.0169 3.0359 0.0000 23.8164 14.7447 -39.5233 -39.8708
100 59 1.6505 -3.4864 0.3747 0.3504 0.3794 0.0169 2.1720 0.0000 17.0342 15.3838 -43.3572 -39.8708
125 59 7.4133 3.0274 0.4043 0.3651 0.3713 0.0169 2.9768 0.0001 23.5443 16.1310 -36.8434 -39.8708
150 59 2.5173 -1.0823 0.3902 0.3523 0.3760 0.0000 2.6838 0.0000 21.2604 18.7431 -40.9531 -39.8708
175 59 4.5822 -2.2351 0.3734 0.3373 0.3660 0.0169 2.6610 0.0000 21.3979 16.8157 -42.1059 -39.8708
200 59 0.6212 -4.2532 0.3720 0.3326 0.3688 0.0169 2.1190 0.0000 17.5149 16.8937 -44.1240 -39.8708
225 59 2.7688 -0.4400 0.3752 0.3312 0.3745 0.0169 2.4568 0.0000 19.7376 16.9688 -40.3109 -39.8708
250 59 0.1674 -2.0205 0.3563 0.3313 0.3625 0.0169 2.1091 0.0000 17.2764 17.1090 -41.8914 -39.8708
275 59 0.7052 -2.5144 0.3841 0.3434 0.3688 0.0169 2.1719 0.0000 17.8184 17.1132 -42.3853 -39.8708
300 59 2.5811 -2.5196 0.3772 0.3389 0.3717 0.0169 2.2342 0.0000 18.5172 15.9362 -42.3904 -39.8708
325 59 1.5878 -2.4358 0.3726 0.3346 0.3659 0.0169 2.2189 0.0000 17.9360 16.3482 -42.3067 -39.8708
350 59 2.2585 -3.8133 0.3761 0.3330 0.3715 0.0169 2.2796 0.0000 18.6353 16.3767 -43.6841 -39.8708
375 59 4.2650 -0.2668 0.3636 0.3350 0.3631 0.0169 2.6402 0.0000 21.3044 17.0394 -40.1376 -39.8708
400 59 1.1590 -2.4403 0.3642 0.3312 0.3703 0.0169 2.1959 0.0000 17.7942 16.6352 -42.3112 -39.8708
425 59 3.8673 1.1881 0.3756 0.3379 0.3656 0.0169 2.6394 0.0000 21.6071 17.7398 -38.6828 -39.8708
450 59 3.6058 2.1855 0.3639 0.3357 0.3640 0.0169 2.5546 0.0000 20.6996 17.0938 -37.6854 -39.8708
475 59 1.7464 -0.5891 0.3714 0.3316 0.3666 0.0169 2.2789 0.0000 18.8952 17.1488 -40.4599 -39.8708
500 59 4.4274 1.6714 0.3737 0.3500 0.3669 0.0169 2.4329 0.0000 20.0795 15.6521 -38.1994 -39.8708
