# run=h128_1010 starts=59
epoch n_states gap_plan gap_human supp_plan supp_human supp_real_plan crash_plan score_plan done_plan r_img_plan r_real_plan r_img_human r_real_human
25 59 15.5185 10.5143 0.3787 0.3563 0.3823 0.0169 3.7706 0.0002 29.8041 14.2856 -29.3565 -39.8708
50 59 1.6015 -8.3356 0.3978 0.3759 0.3708 0.0169 2.0283 0.0001 16.6482 15.0467 -48.2064 -39.8708
75 59 6.6880 6.4046 0.3599 0.3381 0.3719 0.0169 3.0082 0.0000 23.4133 16.7253 -33.4662 -39.8708
100 59 8.6644 3.6103 0.3712 0.3539 0.3657 0.0169 3.1533 0.0000 24.6917 16.0273 -36.2605 -39.8708
125 59 3.3610 -1.5590 0.3805 0.3463 0.3709 0.0169 2.4365 0.0000 19.3234 15.9625 -41.4299 -39.8708
150 59 3.8528 -0.7383 0.3902 0.3464 0.3671 0.0000 2.7417 0.0000 21.4809 17.6280 -40.6092 -39.8708
175 59 8.5264 0.2166 0.3779 0.3295 0.3756 0.0169 3.0168 0.0000 24.1369 15.6105 -39.6543 -39.8708
200 59 0.7968 -2.0962 0.3778 0.3533 0.3710 0.0169 2.1667 0.0000 17.2155 16.4187 -41.9670 -39.8708
225 59 8.6960 4.1296 0.3898 0.3603 0.3652 0.0169 3.2511 0.0000 25.7022 17.0063 -35.7412 -39.8708
250 59 5.8334 0.5268 0.3953 0.3520 0.3684 0.0169 2.8096 0.0000 22.0517 16.2183 -39.3441 -39.8708
275 59 4.2844 0.8114 0.3775 0.3431 0.3765 0.0169 2.6576 0.0000 20.8952 16.6108 -39.0594 -39.8708
300 59 4.1932 0.9122 0.3733 0.3341 0.3724 0.0169 2.4986 0.0000 20.0224 15.8292 -38.9586 -39.8708
325 59 0.5156 -3.9463 0.3756 0.3441 0.3706 0.0169 2.0708 0.0000 16.7047 16.1891 -43.8172 -39.8708
350 59 3.6812 -0.7078 0.3621 0.3380 0.3697 0.0169 2.5593 0.0000 20.9520 17.2708 -40.5787 -39.8708
375 59 5.8403 0.6015 0.3984 0.3560 0.3714 0.0169 2.8399 0.0000 22.5774 16.7371 -39.2694 -39.8708
400 59 6.8823 2.9622 0.3583 0.3244 0.3698 0.0169 2.8619 0.0000 22.9885 16.1062 -36.9087 -39.8708
425 59 6.9768 -0.6119 0.3826 0.3434 0.3764 0.0169 2.7021 0.0000 22.4029 15.4261 -40.4827 -39.8708
450 59 5.4222 -2.0201 0.3672 0.3309 0.3773 0.0169 2.5718 0.0001 21.1975 15.7753 -41.8910 -39.8708
475 59 2.5742 -2.6956 0.3786 0.3502 0.3716 0.0169 2.2902 0.0004 18.9613 16.3871 -42.5665 -39.8708
500 59 1.6230 -0.4758 0.3724 0.3352 0.3755 0.0169 2.2523 0.0000 18.3345 16.7115 -40.3466 -39.8708
