# run=f1rs starts=59
epoch n_states gap_plan gap_human supp_plan supp_human supp_real_plan crash_plan score_plan done_plan r_img_plan r_real_plan r_img_human r_real_human
25 59 1.3435 -3.6413 0.3666 0.3422 0.3835 0.0169 1.9327 0.0001 16.0752 14.7317 -43.5122 -39.8708
50 59 0.5692 -1.1167 0.3573 0.3396 0.3765 0.0169 2.0562 0.0000 17.0634 16.4942 -40.9875 -39.8708
75 59 4.5770 0.2293 0.4121 0.3709 0.3703 0.0169 2.5615 0.0001 21.1981 16.6211 -39.6416 -39.8708
100 59 1.0003 -3.3247 0.3573 0.3412 0.3699 0.0169 2.1928 0.0001 18.1226 17.1223 -43.1955 -39.8708
125 59 3.9047 0.1599 0.3534 0.3360 0.3742 0.0169 2.4084 0.0000 19.4456 15.5409 -39.7110 -39.8708
150 59 2.9228 2.3684 0.3644 0.3627 0.3694 0.0169 2.5117 0.0000 20.0369 17.1141 -37.5025 -39.8708
175 59 2.5384 -2.2273 0.3659 0.3426 0.3728 0.0169 2.2679 0.0000 18.2047 15.6663 -42.0981 -39.8708
200 59 6.7073 -0.0077 0.3626 0.3281 0.3671 0.0169 2.8519 0.0000 22.8798 16.1725 -39.8785 -39.8708
225 59 0.8975 -4.2700 0.3675 0.3321 0.3657 0.0169 2.1024 0.0000 17.7509 16.8533 -44.1409 -39.8708
250 59 7.3634 1.1026 0.3766 0.3314 0.3726 0.0169 2.8655 0.0000 23.2382 15.8747 -38.7682 -39.8708
275 59 2.1575 0.2234 0.3768 0.3374 0.3689 0.0169 2.3004 0.0000 18.8891 16.7316 -39.6474 -39.8708
300 59 3.2602 -0.3683 0.3685 0.3285 0.3725 0.0169 2.3944 0.0000 19.2155 15.9553 -40.2392 -39.8708
325 59 4.3174 -1.4577 0.3804 0.3420 0.3719 0.0169 2.3872 0.0000 19.6874 15.3700 -41.3285 -39.8708
350 59 0.5466 -1.1140 0.3693 0.3332 0.3707 0.0169 1.9870 0.0000 16.4055 15.8589 -40.9849 -39.8708
375 59 7.3128 1.9407 0.3729 0.3382 0.3754 0.0169 2.7994 0.0000 22.8120 15.4992 -37.9302 -39.8708
400 59 3.8601 0.8338 0.3763 0.3300 0.3754 0.0169 2.4664 0.0000 20.0049 16.1448 -39.0371 -39.8708
425 59 4.1749 0.0280 0.3822 0.3359 0.3801 0.0169 2.4030 0.0002 19.8338 15.6589 -39.8429 -39.8708
450 59 -0.1485 -4.3857 0.4001 0.3673 0.3713 0.0169 2.0308 0.0000 16.3776 16.5261 -44.2566 -39.8708
475 59 -0.2979 -2.7203 0.3607 0.3306 0.3783 0.0169 1.9420 0.0000 16.0276 16.3255 -42.5912 -39.8708
500 59 4.2759 -1.0866 0.3670 0.3340 0.3719 0.0169 2.5713 0.0000 20.7989 16.5230 -40.9575 -39.8708
