# run=v7 starts=59
epoch n_states gap_plan gap_human supp_plan supp_human supp_real_plan crash_plan score_plan done_plan r_img_plan r_real_plan r_img_human r_real_human
25 59 9.2975 4.6015 0.4182 0.3697 0.3878 0.0169 2.8228 0.0001 21.7028 12.4052 -35.2694 -39.8708
50 59 9.6438 -0.8720 0.3911 0.3385 0.3810 0.0169 2.8801 0.0000 22.7308 13.0870 -40.7428 -39.8708
75 59 5.6045 1.9050 0.3908 0.3459 0.3781 0.0169 2.6064 0.0001 20.4487 14.8442 -37.9659 -39.8708
100 59 5.5544 2.6101 0.3737 0.3409 0.3737 0.0169 2.8388 0.0000 22.4371 16.8828 -37.2608 -39.8708
125 59 8.8577 0.4035 0.3868 0.3427 0.3799 0.0169 3.0595 0.0000 24.8122 15.9546 -39.4674 -39.8708
150 59 4.9670 -0.4998 0.3710 0.3292 0.3761 0.0169 2.5941 0.0000 20.6776 15.7106 -40.3707 -39.8708
175 59 4.4952 0.8967 0.3728 0.3279 0.3705 0.0169 2.7137 0.0000 21.7146 17.2194 -38.9741 -39.8708
200 59 10.1268 1.8152 0.3675 0.3222 0.3753 0.0169 3.2051 0.0000 25.8047 15.6779 -38.0556 -39.8708
225 59 8.2987 -0.0609 0.3662 0.3201 0.3742 0.0169 3.0709 0.0000 24.9877 16.6889 -39.9317 -39.8708
250 59 7.8704 1.8054 0.3916 0.3561 0.3725 0.0169 2.9710 0.0000 23.8592 15.9888 -38.0654 -39.8708
275 59 5.7075 1.1978 0.3813 0.3326 0.3750 0.0169 2.7970 0.0000 22.9410 17.2335 -38.6730 -39.8708
300 59 10.4938 2.5460 0.3681 0.3249 0.3757 0.0169 3.3953 0.0001 27.2636 16.7698 -37.3248 -39.8708
325 59 4.9001 -0.7999 0.3691 0.3250 0.3717 0.0169 2.4367 0.0000 20.0328 15.1327 -40.6708 -39.8708
350 59 7.5508 0.6630 0.3627 0.3241 0.3665 0.0169 2.8880 0.0000 23.6297 16.0789 -39.2079 -39.8708
375 59 8.6595 0.8470 0.3756 0.3320 0.3757 0.0169 2.9095 0.0000 24.2331 15.5736 -39.0239 -39.8708
400 59 8.3959 -0.2999 0.3709 0.3261 0.3733 0.0169 2.9447 0.0000 24.3415 15.9456 -40.1707 -39.8708
425 59 10.7297 1.2029 0.3789 0.3401 0.3725 0.0169 3.2706 0.0003 26.4013 15.6716 -38.6680 -39.8708
450 59 9.3466 3.3391 0.3732 0.3202 0.3776 0.0169 3.1566 0.0008 25.5163 16.1697 -36.5318 -39.8708
475 59 9.0531 0.2964 0.3722 0.3250 0.3723 0.0169 3.1882 0.0000 25.7916 16.7385 -39.5745 -39.8708
500 59 7.9204 -0.1971 0.3879 0.3374 0.3772 0.0169 2.9063 0.0000 23.8180 15.8976 -40.0679 -39.8708
