# run=sp909 starts=59
epoch n_states gap_plan gap_human supp_plan supp_human supp_real_plan crash_plan score_plan done_plan r_img_plan r_real_plan r_img_human r_real_human
25 59 -4.7620 -10.2353 0.3563 0.3470 0.3847 0.0169 1.1030 0.0001 9.9585 14.7206 -50.1062 -39.8708
50 59 4.1005 -7.5816 0.3997 0.3750 0.3788 0.0169 2.5115 0.0000 20.3283 16.2278 -47.4524 -39.8708
75 59 3.0587 0.3088 0.3545 0.3395 0.3675 0.0169 2.4912 0.0000 20.4153 17.3567 -39.5620 -39.8708
100 59 0.9446 0.7369 0.3720 0.3508 0.3634 0.0000 2.4111 0.0000 19.8060 18.8615 -39.1339 -39.8708
125 59 8.8005 -3.6772 0.3996 0.3637 0.3609 0.0169 3.1143 0.0000 24.1425 15.3420 -43.5481 -39.8708
150 59 4.4881 -2.6398 0.3663 0.3483 0.3674 0.0169 2.7264 0.0000 21.7015 17.2134 -42.5106 -39.8708
175 59 7.7325 1.9162 0.3499 0.3342 0.3630 0.0169 3.0944 0.0000 24.1263 16.3937 -37.9547 -39.8708
200 59 3.5798 1.0229 0.3762 0.3389 0.3669 0.0169 2.5543 0.0000 20.4988 16.9191 -38.8479 -39.8708
225 59 7.2178 -0.5320 0.3806 0.3441 0.3762 0.0169 2.8937 0.0000 23.1801 15.9623 -40.4029 -39.8708
250 59 4.9313 0.7222 0.3699 0.3319 0.3704 0.0169 2.6041 0.0000 21.0009 16.0696 -39.1487 -39.8708
275 59 5.8220 -0.1694 0.3709 0.3273 0.3703 0.0169 2.7398 0.0000 21.6905 15.8685 -40.0402 -39.8708
300 59 7.4691 0.8272 0.3594 0.3244 0.3703 0.0169 2.7758 0.0000 22.6896 15.2205 -39.0436 -39.8708
325 59 6.1354 1.5212 0.3656 0.3363 0.3668 0.0169 2.7275 0.0000 22.1796 16.0442 -38.3496 -39.8708
350 59 6.5403 0.7971 0.3664 0.3300 0.3578 0.0169 2.8376 0.0000 23.0653 16.5250 -39.0738 -39.8708
375 59 9.2308 2.8883 0.3646 0.3259 0.3768 0.0169 3.0352 0.0000 24.3363 15.1055 -36.9825 -39.8708
400 59 6.9245 0.4753 0.3658 0.3268 0.3650 0.0169 2.7936 0.0000 22.4887 15.5641 -39.3955 -39.8708
425 59 7.1145 0.7906 0.3778 0.3316 0.3690 0.0169 2.9004 0.0000 23.6929 16.5784 -39.0803 -39.8708
450 59 5.0937 -0.1799 0.3769 0.3342 0.3736 0.0169 2.6165 0.0000 21.6279 16.5342 -40.0508 -39.8708
475 59 5.1811 -1.4814 0.3740 0.3331 0.3659 0.0169 2.7031 0.0000 21.8708 16.6898 -41.3523 -39.8708
500 59 5.0589 -1.2311 0.3647 0.3114 0.3708 0.0169 2.4810 0.0000 20.7936 15.7347 -41.1019 -39.8708
