# run=z8_1010 starts=59
epoch n_states gap_plan gap_human supp_plan supp_human supp_real_plan crash_plan score_plan done_plan r_img_plan r_real_plan r_img_human r_real_human
25 59 4.6921 1.9978 0.3607 0.3351 0.3825 0.0169 2.3181 0.0001 18.8188 14.1268 -37.8731 -39.8708
50 59 7.2614 2.1386 0.3728 0.3443 0.3812 0.0169 2.8044 0.0000 22.4417 15.1803 -37.7323 -39.8708
75 59 7.8877 3.5384 0.3722 0.3336 0.3751 0.0169 3.0751 0.0000 23.8385 15.9508 -36.3324 -39.8708
100 59 7.9607 2.0802 0.3761 0.3381 0.3822 0.0169 3.1442 0.0000 24.5829 16.6221 -37.7907 -39.8708
125 59 9.4461 4.4818 0.4091 0.3655 0.3744 0.0169 3.2269 0.0001 25.1168 15.6707 -35.3891 -39.8708
150 59 5.9268 2.1688 0.3874 0.3392 0.3817 0.0169 2.7024 0.0001 21.4215 15.4946 -37.7020 -39.8708
175 59 1.5013 -2.8623 0.3816 0.3371 0.3718 0.0169 2.3016 0.0000 18.5516 17.0503 -42.7332 -39.8708
200 59 6.2059 -1.4026 0.3997 0.3722 0.3743 0.0169 2.8898 0.0000 22.3709 16.1650 -41.2735 -39.8708
225 59 8.1972 0.2447 0.3716 0.3325 0.3785 0.0169 2.8893 0.0000 23.1023 14.9051 -39.6262 -39.8708
250 59 7.7299 2.4496 0.3737 0.3340 0.3643 0.0169 3.1470 0.0000 24.6004 16.8705 -37.4212 -39.8708
275 59 7.7616 0.6984 0.3702 0.3280 0.3785 0.0169 2.9335 0.0000 23.1609 15.3992 -39.1724 -39.8708
300 59 9.5091 2.5305 0.3733 0.3231 0.3779 0.0169 3.1204 0.0087 24.8741 15.3650 -37.3404 -39.8708
325 59 5.8866 -3.7338 0.3791 0.3462 0.3726 0.0169 2.7231 0.0046 21.6997 15.8132 -43.6046 -39.8708
350 59 8.5805 0.6384 0.3781 0.3265 0.3743 0.0169 3.0391 0.0021 23.8991 15.3186 -39.2324 -39.8708
375 59 8.4441 2.0565 0.3722 0.3293 0.3780 0.0169 2.9710 0.0004 23.3483 14.9042 -37.8144 -39.8708
400 59 5.3044 -2.0446 0.3691 0.3292 0.3723 0.0169 2.5454 0.0000 20.4388 15.1344 -41.9155 -39.8708
425 59 5.9598 -1.6353 0.3802 0.3285 0.3709 0.0169 2.6820 0.0000 21.4870 15.5272 -41.5061 -39.8708
450 59 8.3740 1.9093 0.3861 0.3316 0.3774 0.0169 2.9857 0.0000 23.8617 15.4877 -37.9616 -39.8708
475 59 3.8345 -3.8725 0.3714 0.3356 0.3747 0.0169 2.4700 0.0001 20.4149 16.5804 -43.7434 -39.8708
500 59 7.1906 -2.5272 0.3729 0.3284 0.3758 0.0169 2.7735 0.0001 22.5183 15.3277 -42.3981 -39.8708
