# run=h128_909 starts=59
epoch n_states gap_plan gap_human supp_plan supp_human supp_real_plan crash_plan score_plan done_plan r_img_plan r_real_plan r_img_human r_real_human
25 59 4.9640 -1.4399 0.3889 0.3916 0.3854 0.0169 2.4901 0.0001 19.8297 14.8656 -41.3107 -39.8708
50 59 4.7247 -1.1841 0.3811 0.3535 0.3832 0.0169 2.5556 0.0000 20.4119 15.6872 -41.0549 -39.8708
75 59 -2.0166 0.3552 0.3628 0.3219 0.3743 0.0000 2.1170 0.0000 16.5727 18.5893 -39.5157 -39.8708
100 59 5.6407 3.5312 0.3578 0.3345 0.3729 0.0169 2.8560 0.0000 22.8729 17.2322 -36.3396 -39.8708
125 59 -11.6484 -15.5504 0.3877 0.3563 0.3753 0.0169 0.2347 0.0000 3.7308 15.3791 -55.4213 -39.8708
150 59 2.4805 -1.6650 0.3770 0.3401 0.3782 0.0000 2.5780 0.0000 20.6646 18.1841 -41.5359 -39.8708
175 59 2.4623 -0.1557 0.3619 0.3316 0.3704 0.0000 2.5047 0.0000 20.0392 17.5768 -40.0265 -39.8708
200 59 3.7002 3.1277 0.3612 0.3328 0.3648 0.0000 2.8753 0.0000 23.0736 19.3734 -36.7432 -39.8708
225 59 2.5895 0.2674 0.3639 0.3365 0.3750 0.0000 2.4473 0.0000 19.5485 16.9590 -39.6034 -39.8708
250 59 -0.8498 -2.0539 0.3618 0.3335 0.3626 0.0000 2.3001 0.0000 18.6474 19.4973 -41.9248 -39.8708
275 59 5.7601 -0.0342 0.3716 0.3267 0.3733 0.0169 2.8526 0.0000 22.3601 16.5999 -39.9050 -39.8708
300 59 2.0303 -0.8989 0.3666 0.3226 0.3705 0.0000 2.5686 0.0000 20.6161 18.5858 -40.7698 -39.8708
325 59 4.5492 2.5340 0.3675 0.3397 0.3691 0.0000 2.8905 0.0000 22.7887 18.2395 -37.3368 -39.8708
350 59 3.7866 -0.3046 0.3674 0.3302 0.3707 0.0000 2.7355 0.0000 22.1129 18.3263 -40.1754 -39.8708
375 59 1.3793 -1.6681 0.3726 0.3328 0.3688 0.0000 2.5132 0.0000 20.4313 19.0520 -41.5389 -39.8708
400 59 4.0442 -0.5947 0.3685 0.3199 0.3665 0.0169 2.6266 0.0000 20.9702 16.9260 -40.4656 -39.8708
425 59 5.0838 0.6717 0.3622 0.3237 0.3724 0.0169 2.8169 0.0000 22.1458 17.0621 -39.1991 -39.8708
450 59 3.6599 -0.7190 0.3635 0.3305 0.3681 0.0169 2.5723 0.0000 20.8029 17.1430 -40.5898 -39.8708
475 59 2.0284 -2.1033 0.3675 0.3223 0.3675 0.0169 2.3349 0.0000 18.6909 16.6625 -41.9742 -39.8708
500 59 5.0572 0.2484 0.3700 0.3247 0.3708 0.0169 2.7011 0.0000 21.7203 16.6631 -39.6224 -39.8708
