# run=z8_909 starts=59
epoch n_states gap_plan gap_human supp_plan supp_human supp_real_plan crash_plan score_plan done_plan r_img_plan r_real_plan r_img_human r_real_human
25 59 5.2046 -3.4269 0.3822 0.3608 0.3898 0.0169 2.2108 0.0002 18.9593 13.7547 -43.2977 -39.8708
50 59 0.5730 -5.3783 0.3777 0.3480 0.3811 0.0169 1.8442 0.0001 16.1338 15.5609 -45.2491 -39.8708
75 59 4.4987 0.4221 0.3468 0.3324 0.3797 0.0169 2.4069 0.0000 19.6805 15.1818 -39.4488 -39.8708
100 59 5.9934 -1.2050 0.3778 0.3540 0.3727 0.0169 2.8623 0.0000 23.0307 17.0373 -41.0758 -39.8708
125 59 1.9966 -9.7806 0.3852 0.3596 0.3741 0.0169 2.2243 0.0000 17.8389 15.8423 -49.6514 -39.8708
150 59 3.2417 0.2746 0.3804 0.3490 0.3711 0.0169 2.2915 0.0000 19.3031 16.0614 -39.5962 -39.8708
175 59 7.8516 0.4334 0.3814 0.3357 0.3687 0.0169 2.8453 0.0000 23.3794 15.5278 -39.4375 -39.8708
200 59 -0.6879 -6.1057 0.3672 0.3338 0.3681 0.0169 1.8388 0.0000 15.5049 16.1928 -45.9766 -39.8708
225 59 5.5027 1.4680 0.3761 0.3502 0.3726 0.0169 2.7445 0.0000 22.1243 16.6216 -38.4029 -39.8708
250 59 6.7757 2.3194 0.3634 0.3259 0.3644 0.0169 2.8838 0.0000 23.1668 16.3911 -37.5514 -39.8708
275 59 2.7827 -0.3780 0.3704 0.3418 0.3727 0.0169 2.2384 0.0000 18.1335 15.3509 -40.2489 -39.8708
300 59 7.1121 1.1357 0.3664 0.3321 0.3680 0.0169 2.9075 0.0000 23.1667 16.0545 -38.7351 -39.8708
325 59 1.2815 -2.9154 0.3721 0.3424 0.3700 0.0169 2.2801 0.0000 18.7540 17.4725 -42.7863 -39.8708
350 59 6.8278 0.9001 0.3602 0.3461 0.3724 0.0169 2.8178 0.0000 22.7269 15.8992 -38.9707 -39.8708
375 59 3.7101 -1.4865 0.3768 0.3422 0.3742 0.0169 2.4161 0.0000 19.4217 15.7116 -41.3573 -39.8708
400 59 7.2580 0.3361 0.3784 0.3292 0.3781 0.0169 2.8429 0.0000 22.6044 15.3464 -39.5348 -39.8708
425 59 6.9298 -0.7342 0.3727 0.3389 0.3718 0.0169 2.8210 0.0000 22.5466 15.6169 -40.6051 -39.8708
450 59 7.0011 -0.5129 0.3650 0.3391 0.3747 0.0169 2.8266 0.0000 22.5853 15.5842 -40.3838 -39.8708
475 59 5.3140 0.2837 0.3645 0.3311 0.3661 0.0169 2.7452 0.0000 21.9931 16.6791 -39.5872 -39.8708
500 59 7.4855 -1.0615 0.3690 0.3311 0.3793 0.0169 2.8548 0.0000 22.7251 15.2396 -40.9324 -39.8708
